100
3 8
5 6 9 4 8 2 1 7
3 1
2
3 10
2 4 8 16 32 64 100 100 100 100
3 10
1 4 4 4 4 4 4 4 4 4
100 1
100
3 5
11 20 60 22 100
2 10
100 100 100 100 100 100 100 100 100 100
3 5
100 100 100 100 100
3 4
1 6 12 49
2 6
9 64 19 16 81 80
1 10
100 100 100 100 100 100 100 100 100 100
1 10
1 1 1 1 1 1 1 1 1 1
12 4
1 92 4 38
9 2
1 43
6 2
50 2
2 1
1
20 1
1
4 5
3 1 91 10 14
16 8
30 2 83 17 74 56 27 58
11 1
72
25 8
7 19 84 11 31 8 53 20
1 3
1 60 51
1 7
10 76 1 11 52 97 96
8 4
15 24 1 69
2 1
80
2 5
21 37 58 87 6
1 8
77 27 93 74 47 4 63 15
14 7
9 13 2 5 34 65 89
1 3
83 37 66
4 7
8 43 1 9 50 10 99
4 2
96 9
2 2
19 1
19 1
31
19 2
1 11
7 7
53 9 5 4 26 13 3
11 6
6 52 8 69 12 41
17 6
48 50 76 80 3 3
18 7
16 40 44 33 97 15 29
1 2
40 12
7 5
2 76 4 40 7
22 6
4 1 3 37 11 1
1 4
79 14 9 29
10 9
54 47 2 4 84 2 65 59 59
1 1
22
3 1
4
21 4
78 13 94 3
21 1
73
10 6
1 6 1 79 1 45
25 2
25 29
2 7
2 17 1 52 75 12 50
8 6
8 66 14 16 14 60
13 8
90 60 58 24 59 10 74 72
20 2
32 28
3 5
27 66 69 2 76
1 5
38 6 54 64 5
10 9
40 14 8 9 2 39 1 14 42
1 3
3 60 44
17 7
2 40 1 87 16 48 17
8 9
62 15 46 39 18 1 88 45 97
1 6
50 18 1 65 6 43
8 4
1 82 16 74
10 8
2 75 7 58 18 14 38 58
7 3
73 17 1
6 8
32 8 13 10 63 24 59 2
3 4
83 42 11 2
10 9
40 94 1 32 60 4 63 97 46
1 2
82 24
6 5
2 87 38 8 90
18 1
97
2 8
5 6 36 13 94 23 5 6
1 8
3 3 5 6 64 66 74 49
4 4
61 58 62 10
3 8
1 92 17 37 5 4 28 2
2 4
1 4 76 6
12 7
21 1 1 9 5 67 70
2 2
4 2
4 5
94 20 29 41 13
1 2
77 9
23 6
3 2 38 15 11 5
8 1
12
11 9
79 31 93 50 18 42 21 27 1
1 3
23 30 67
5 9
39 66 1 17 19 2 3 62 68
13 4
19 84 3 42
20 8
3 65 32 89 27 46 94 99
3 3
10 30 11
2 4
54 13 27 2
22 4
2 74 2 98
17 8
45 37 17 11 8 34 10 34
3 1
89
10 6
5 2 27 18 13 42
6 3
50 7 46
2 1
3
1 8
28 43 1 89 57 1 77 14
8 3
17 1 2
1 5
38 63 42 28 27
1 4
1 50 4 46
2 3
15 29 40
1 4
73 77 3 10
1 1
46
