25
1 1
2
2 0
1 1
2
1 1 1
1 1
2
1 3 1 2 3
3 3
1 1 1
1 0
1 0
1 0
4 20
1 2 1 2
1 2 2 1
1 3 1 2 1
3 1 1
2 2 3 1
3 1 3
3 1 1
3 2 2 2
1 0
1 2 2 1
2 1 2
2 3 2 2 3
3 1 3
1 1 1
3 2 2 2
2 3 3 2 2
3 2 1 2
3 0
1 1 2
1 2 1 3
1 1 3
1 15
1
3 0
1 2 3 2
2 0
3 1 3
3 2 2 3
3 1 1
2 1 3
3 1 2
2 1 2
1 2 1 1
2 0
1 2 1 3
1 2 2 3
1 1 1
1 1 3
3 19
1 1 1
1 0
1 0
1 0
1 0
1 0
1 0
1 1 1
1 1 1
1 1 1
1 1 1
1 1 1
1 1 1
1 1 1
1 1 1
1 1 1
1 2 1 1
1 2 1 1
1 2 1 1
1 2 1 1
10 20
1 2 3 4 5 6 7 8 9 10
6 1 6
6 0
7 1 7
3 0
1 1 1
7 0
8 0
2 0
9 0
8 1 8
9 1 9
10 1 10
5 0
10 0
5 1 5
4 1 4
2 1 2
1 0
3 1 3
4 0
3 5
2 2 1
2 1 1
1 1 2
2 1 1
1 2 1 1
2 1 1
1 20
9
8 1 3
18 2 14 8
1 1 18
14 1 1
5 2 16 14
19 2 20 5
10 2 17 19
15 1 10
2 1 15
17 2 20 2
7 1 17
3 2 17 7
4 1 3
16 2 17 4
20 1 16
13 1 20
12 2 14 13
6 2 9 12
11 1 6
9 1 11
23 5
4 3 3 1 4 4 4 3 4 3 4 1 1 2 3 4 3 3 2 3 2 4 3
1 2 3 2
1 2 3 3
2 0
3 1 1
2 1 2
2 20
1 3
3 1 3
2 1 3
1 1 3
1 0
3 1 1
1 2 3 2
3 0
3 2 2 3
3 2 2 3
1 2 3 3
2 2 1 1
2 1 3
1 1 2
2 2 2 1
3 2 1 2
1 1 2
2 1 3
3 1 3
2 1 2
3 0
2 20
3 4
1 0
3 3 2 4 3
3 2 3 1
1 2 3 2
2 1 3
4 3 3 1 3
4 2 1 4
4 0
4 0
4 0
3 2 2 2
3 2 1 4
2 0
1 0
1 3 2 2 3
4 4 2 4 1 3
3 2 2 2
1 0
3 0
4 1 4
1 4
1
1 0
1 2 1 3
2 0
3 1 2
3 20
1 1 2
3 1 3
2 2 1 2
2 1 3
1 1 2
2 1 2
2 3 1 3 1
2 1 2
3 0
3 2 1 3
2 1 1
2 1 1
2 3 3 3 3
3 2 2 1
2 1 3
2 2 1 2
3 2 2 3
2 1 2
3 0
1 1 2
1 1 1
3 20
3 2 2
1 2 3 2
1 0
3 2 4 4
1 2 4 4
4 1 1
4 1 3
2 2 1 4
2 4 2 4 4 4
4 5 1 2 3 4 4
4 2 4 3
3 3 2 3 4
3 2 2 2
1 2 4 4
3 0
2 0
4 1 4
1 3 4 3 4
4 3 2 2 3
1 1 3
1 1 4
1 2
2
2 0
2 1 2
2 13
2 2
2 1 2
2 1 2
2 1 2
2 0
2 0
2 1 2
2 0
2 1 2
2 0
2 0
2 2 2 2
2 3 2 2 2
2 0
3 20
18 5 3
17 1 9
2 2 19 16
4 2 5 17
1 1 8
5 1 6
15 1 12
20 1 2
8 2 11 4
9 2 15 10
11 1 18
10 4 6 10 9 6
13 3 7 18 1
14 2 17 5
18 3 9 4 14
12 2 2 20
6 2 1 19
7 1 13
19 1 7
3 3 19 7 15
16 2 14 11
3 10
1 1 1
1 0
2 2 2 1
2 6 2 1 1 2 2 1
1 0
1 1 1
1 1 1
2 0
1 1 1
2 2 1 1
1 1 1
2 9
13 13
13 1 13
13 2 13 13
13 1 13
13 0
13 0
13 1 13
13 0
13 1 13
13 1 13
1 1
2
2 3 1 2 3
3 15
1 3 3
3 1 1
1 3 3 1 2
2 2 3 1
1 3 2 3 1
1 2 2 2
1 1 3
1 0
2 5 2 1 3 1 3
2 0
3 3 3 1 3
1 2 1 3
2 1 1
2 3 3 1 1
2 0
3 2 1 3
4 10
1 5 5 2
1 3 5 1 6
1 0
6 2 3 2
6 5 4 5 2 4 2
1 1 2
2 1 3
4 4 5 1 3 6
3 1 4
3 2 6 2
6 5 2 2 5 2 1
20 15
5 2 3 2 2 4 3 3 1 3 5 5 4 2 4 2 4 1 2 1
3 0
5 1 4
3 2 3 2
1 0
4 1 5
3 1 3
2 5 4 5 4 2 4
2 0
4 0
1 2 3 5
3 1 1
3 1 5
5 3 2 1 5
5 3 2 2 3
1 0
