100
176 945
303 485
21 121
8 109
533 752
1 742
3 109
503 818
7 65
1 1000
1 221
8 122
303 584
7 122
1 109
685 759
3 5
121 485
1 121
121 484
3 9
4 10
9 121
18 383
10 120
307 370
346 347
151 480
297 862
41 940
484 484
7 9
8 742
113 689
7 742
21 122
8 9
9 9
3 122
1 101
1 5
3 10
156 762
348 601
65 485
3 104
21 484
21 742
384 485
1 104
4 4
1 6
211 570
483 485
1 9
65 302
152 247
125 730
1 584
269 355
120 302
384 584
694 782
4 5
955 997
153 497
477 522
210 342
219 545
484 485
3 65
508 877
65 484
962 999
1 4
4 9
96 592
120 584
1 10
9 122
21 221
121 122
586 995
180 650
378 751
336 542
1 65
100 1000
1 2
216 858
8 302
483 584
1 302
315 614
197 329
250 702
122 1000
7 221
272 583
122 483
