20
85 25
48 69 90
22 30 56
71 73 96
3 74 68
47 48 40
7 84 31
35 39 95
22 84 37
7 69 73
10 16 52
3 39 54
18 37 89
76 78 67
15 62 40
51 65 66
20 85 33
29 60 69
44 81 25
17 72 95
17 26 65
32 69 36
26 36 49
39 50 67
20 58 67
36 81 56
23 100
3 6 98
12 20 99
1 14 22
15 23 50
1 5 3
2 19 27
8 21 69
18 23 32
5 10 76
4 17 85
13 16 69
5 14 21
4 9 20
2 11 4
9 15 35
1 18 64
6 12 78
1 13 90
11 15 78
4 17 98
2 13 37
7 13 92
8 13 72
17 21 12
2 10 43
18 23 45
6 18 70
9 23 45
15 21 91
13 15 64
7 19 61
7 15 52
7 8 54
12 13 96
1 6 93
4 15 4
6 11 10
9 22 66
9 15 11
14 17 56
5 9 48
2 6 43
3 12 85
13 16 88
8 20 81
2 13 31
8 18 60
1 7 91
15 21 79
13 19 93
1 9 14
3 23 84
7 13 67
9 15 37
9 22 86
3 9 79
8 21 54
7 18 52
5 20 18
12 20 52
6 12 35
6 8 8
11 15 86
15 17 35
11 13 70
10 21 6
6 15 5
10 23 23
14 23 3
10 13 9
8 17 49
5 9 77
6 8 61
1 18 13
7 12 53
6 12 52
17 23 46
4 10 17
2 12 55
1 21 84
15 21 48
13 15 15
8 22 21
14 20 29
8 10 64
11 22 29
5 9 11
8 15 18
13 18 86
5 10 73
1 9 96
1 14 54
1 19 84
2 6 67
2 18 89
1 15 37
1 18 50
7 16 32
7 11 94
8 10 10
100 100
14 20 43
38 67 57
29 90 63
31 75 51
11 13 85
77 84 95
41 100 66
7 52 38
29 77 50
20 89 82
6 18 50
48 63 18
38 81 48
51 99 66
57 89 20
27 81 54
42 49 52
21 66 48
81 85 84
94 100 52
29 37 46
22 61 28
31 55 95
6 35 50
6 39 72
40 59 77
12 82 100
16 22 52
61 95 89
48 91 80
32 43 27
69 78 71
18 69 17
23 27 24
83 98 18
4 100 98
12 81 9
64 90 37
27 59 74
4 31 65
8 53 54
4 73 71
62 70 26
15 61 51
42 50 83
17 80 42
43 61 67
66 95 36
74 85 91
10 22 44
54 74 16
4 29 99
4 90 62
24 34 47
1 77 55
63 65 49
21 35 65
39 52 90
20 83 77
17 73 13
93 99 96
46 86 51
86 87 19
22 55 35
4 99 38
18 84 11
26 88 84
80 89 40
11 66 14
63 96 69
16 87 42
5 75 5
23 95 67
46 73 71
79 81 47
11 65 25
3 12 62
68 74 41
65 73 55
46 58 20
61 64 55
44 95 23
11 73 6
20 90 48
14 21 43
66 72 35
43 61 27
31 85 65
16 94 47
58 90 36
26 94 58
37 58 41
27 68 87
38 73 19
5 35 65
15 63 19
42 75 85
49 83 31
53 62 2
58 81 16
100 100
60 90 81
74 98 83
4 44 84
52 63 44
75 81 43
68 92 86
4 14 44
1 13 4
75 95 60
6 14 66
31 46 9
23 48 13
62 83 12
9 35 53
51 63 73
34 48 85
31 36 45
27 46 49
65 71 47
60 75 64
63 92 70
39 48 15
54 66 29
35 49 83
60 61 91
73 86 44
28 38 44
60 77 52
19 29 61
63 90 67
2 34 59
12 27 84
16 37 14
75 94 59
54 61 35
77 89 67
52 85 79
51 86 48
2 26 59
79 84 91
13 49 75
57 63 5
3 39 53
6 33 65
6 41 78
74 76 36
33 41 13
4 33 29
32 39 10
10 38 36
52 72 87
13 41 59
66 70 52
1 16 18
14 44 61
84 91 32
53 75 69
25 46 38
40 49 64
74 87 42
38 43 76
18 30 68
78 97 55
65 88 66
53 94 67
20 45 37
10 35 50
61 75 24
51 60 50
26 32 40
68 70 48
59 73 23
71 73 70
23 40 17
67 92 45
84 99 44
13 32 96
69 72 68
80 100 10
40 50 95
63 82 17
61 76 98
34 48 78
70 79 84
62 76 49
68 93 84
82 87 31
53 98 23
1 41 53
5 43 43
7 38 78
5 18 58
8 45 26
61 86 66
51 83 49
46 47 73
1 46 98
9 34 16
7 9 4
30 33 71
43 67
5 11 50
6 18 96
36 37 70
13 34 67
9 42 92
5 25 83
41 43 92
8 16 86
19 36 59
6 39 34
9 19 83
7 32 26
17 18 40
9 16 69
28 41 52
14 26 11
19 32 33
34 40 25
12 35 85
26 38 28
3 30 56
19 23 13
9 37 57
10 23 30
11 31 1
9 22 9
14 21 73
10 37 41
31 41 24
33 42 71
20 30 73
1 6 20
2 6 72
13 33 54
24 25 57
6 28 83
4 12 10
33 43 54
1 40 56
7 33 58
10 22 14
8 19 22
5 13 94
8 35 84
6 17 62
4 6 57
6 11 58
8 18 58
7 40 6
4 39 66
18 37 98
21 28 38
8 19 86
33 42 63
30 43 25
24 42 66
16 27 22
9 41 16
17 32 76
3 7 98
36 40 77
30 32 94
17 20 50
4 10 24
5 12 14
27 35 95
16 30 42
2 100
1 2 78
1 2 71
1 2 67
1 2 9
1 2 54
1 2 93
1 2 76
1 2 83
1 2 54
1 2 18
1 2 1
1 2 95
1 2 17
1 2 63
1 2 56
1 2 27
1 2 53
1 2 75
1 2 45
1 2 28
1 2 30
1 2 50
1 2 54
1 2 93
1 2 30
1 2 42
1 2 75
1 2 98
1 2 33
1 2 91
1 2 91
1 2 67
1 2 28
1 2 65
1 2 49
1 2 49
1 2 59
1 2 95
1 2 28
1 2 23
1 2 41
1 2 53
1 2 56
1 2 38
1 2 20
1 2 22
1 2 59
1 2 86
1 2 45
1 2 91
1 2 40
1 2 98
1 2 34
1 2 28
1 2 26
1 2 35
1 2 81
1 2 47
1 2 14
1 2 13
1 2 55
1 2 46
1 2 34
1 2 68
1 2 82
1 2 23
1 2 25
1 2 97
1 2 2
1 2 36
1 2 58
1 2 4
1 2 60
1 2 6
1 2 69
1 2 13
1 2 9
1 2 32
1 2 91
1 2 77
1 2 59
1 2 40
1 2 53
1 2 24
1 2 35
1 2 85
1 2 15
1 2 23
1 2 7
1 2 16
1 2 83
1 2 16
1 2 41
1 2 27
1 2 46
1 2 76
1 2 22
1 2 26
1 2 94
1 2 36
100 100
19 94 8
32 65 79
40 91 24
19 59 58
39 66 46
8 92 74
16 56 77
15 95 76
16 73 52
5 100 75
35 82 68
19 65 33
33 62 58
28 62 24
40 58 11
11 66 49
23 73 32
18 82 62
26 99 70
9 83 49
28 82 3
43 66 93
26 72 29
29 91 19
16 94 78
42 65 81
42 69 32
35 77 98
37 94 37
11 91 17
8 82 93
4 68 17
12 57 95
38 70 95
32 99 85
1 100 67
6 80 66
44 88 52
23 90 51
24 83 27
6 99 45
9 53 36
36 73 45
36 83 86
20 65 21
26 60 46
35 66 15
5 62 65
27 75 37
39 66 63
42 97 75
25 60 21
7 71 58
34 85 47
14 93 37
4 78 50
35 79 53
16 79 70
27 98 71
41 66 81
28 98 82
25 97 85
46 74 38
44 75 42
48 61 40
45 86 54
3 83 61
43 91 1
8 86 15
21 52 30
39 71 49
45 71 67
10 59 6
15 72 29
24 64 75
44 83 51
16 94 70
33 71 47
43 82 81
4 93 34
7 76 30
21 99 4
21 68 29
19 66 53
28 71 25
5 94 71
50 68 20
27 51 68
8 67 5
29 92 68
15 69 1
26 56 11
35 76 16
44 100 73
3 100 49
18 97 45
32 80 47
48 59 91
1 71 28
17 86 71
6 2
1 3 2
4 6 1
25 75
16 17 7
16 25 60
5 16 4
5 18 31
12 23 63
8 10 51
3 24 65
16 20 100
2 5 65
4 8 95
10 13 98
5 9 33
1 9 81
5 24 88
2 24 80
2 15 3
16 19 28
5 14 10
16 19 7
5 15 18
11 25 33
4 15 72
1 16 13
5 21 67
12 15 46
2 17 53
7 8 58
10 14 52
1 5 12
13 15 92
10 17 1
11 14 3
6 24 78
21 22 82
15 25 82
4 19 94
13 19 55
10 21 47
8 25 20
8 10 48
8 20 70
16 25 35
15 25 73
11 16 15
10 18 71
9 21 19
5 10 18
8 24 94
9 12 78
3 11 97
15 20 54
7 20 88
8 16 13
3 19 39
11 24 65
7 18 21
3 18 26
7 22 8
11 12 54
2 5 29
18 19 9
21 24 32
17 18 67
4 25 51
7 15 57
6 21 6
6 8 30
9 24 38
13 22 39
13 16 55
12 14 8
5 14 12
4 17 34
1 23 38
18 20 19
21 50
5 14 39
8 18 82
8 18 1
11 18 62
5 21 15
6 12 45
7 19 30
4 11 2
14 20 91
10 19 92
2 17 25
11 17 70
17 19 78
5 8 25
2 11 71
11 19 54
5 15 66
12 21 75
6 19 72
2 14 42
11 13 42
8 18 68
11 14 74
4 11 63
3 7 10
10 15 26
12 17 73
6 14 71
7 13 9
11 17 59
16 20 93
1 13 33
9 12 47
14 15 99
7 20 67
14 20 76
9 19 67
3 7 61
18 19 81
11 14 76
11 14 70
10 11 10
5 8 56
11 13 63
8 10 87
9 21 19
8 12 39
6 13 8
4 13 68
7 11 39
16 83
2 14 23
4 14 47
5 13 69
1 6 91
3 14 10
6 7 67
1 8 36
13 15 33
2 5 81
4 9 29
5 6 88
10 14 94
4 7 45
12 15 70
1 7 42
6 15 21
6 13 40
8 16 43
2 5 4
3 9 41
13 15 16
2 8 94
8 16 53
3 4 82
1 13 97
3 11 8
4 14 47
5 8 13
5 8 22
14 15 6
4 11 90
10 15 78
6 15 95
11 14 78
3 8 78
3 8 72
4 7 10
4 12 53
11 14 28
2 13 40
3 4 30
6 16 58
4 12 66
6 15 19
1 9 33
3 4 21
1 3 32
3 14 23
5 9 38
4 16 61
5 8 77
7 10 53
4 15 72
4 9 27
11 15 29
4 6 89
7 11 19
7 8 12
4 13 35
3 13 6
1 10 10
11 16 73
7 14 8
1 13 35
2 12 77
2 5 91
7 14 3
7 8 51
13 16 28
5 9 52
2 6 22
10 11 74
6 14 36
3 9 59
6 8 39
5 13 72
5 6 67
2 6 52
8 13 13
10 12 74
3 7 32
6 16 28
12 14 96
26 91
12 25 53
11 22 54
15 21 9
9 22 82
21 24 70
1 20 32
10 20 35
15 26 53
3 8 63
9 11 71
9 10 37
15 22 91
2 6 49
11 17 50
5 7 23
18 21 14
25 26 86
6 22 58
6 23 68
15 18 6
2 11 14
4 16 36
22 25 32
4 9 45
7 16 56
16 26 12
12 13 53
9 22 70
22 23 92
14 21 89
5 21 63
3 22 83
4 13 88
3 23 16
4 9 17
6 15 94
7 14 97
15 21 38
17 21 90
3 22 21
11 16 42
7 9 65
3 6 50
10 21 100
3 4 81
5 19 8
4 10 20
2 18 18
2 12 75
3 20 12
5 17 31
15 16 54
13 21 50
7 9 4
5 8 60
1 20 61
2 6 81
2 26 94
16 24 89
17 23 87
9 12 14
4 6 42
3 15 63
22 25 77
11 16 75
2 19 79
9 18 88
1 23 59
1 16 44
8 22 32
11 24 93
20 21 24
18 19 27
10 17 20
14 21 2
2 18 98
11 23 83
12 26 8
3 13 38
24 26 44
3 9 97
9 22 21
11 17 76
8 22 72
7 25 64
2 18 60
22 23 2
10 20 23
2 22 80
4 22 83
5 15 40
6 2
1 3 1
3 6 1
70 9
15 22 28
18 32 30
17 68 59
40 66 25
26 59 84
50 53 52
39 65 95
6 70 70
28 43 47
73 58
27 67 34
15 34 64
32 66 89
12 51 93
48 62 68
33 39 49
2 28 84
24 66 91
40 50 83
4 26 16
52 73 70
22 53 67
52 65 25
35 37 50
26 39 2
31 48 34
46 63 59
24 27 15
51 56 18
36 38 12
8 48 68
63 69 46
5 39 82
11 35 18
19 39 79
22 48 10
37 56 29
32 69 36
13 70 22
65 71 38
17 45 13
12 54 74
34 63 55
20 56 20
6 59 24
19 55 18
47 70 27
2 27 11
26 56 51
14 37 30
20 24 14
41 56 75
22 23 3
4 23 15
19 62 18
4 73 83
43 68 75
29 39 80
6 63 38
36 58 79
2 22 16
58 73 10
6 33 62
36 49 38
23 47 45
54 68 8
61 64 13
26 55 71
73 42
33 47 18
8 9 70
42 59 60
51 58 29
59 61 71
5 33 5
6 31 82
46 73 64
25 34 100
52 63 83
9 18 84
11 47 43
14 36 29
6 62 84
13 39 19
25 52 76
50 67 74
6 72 6
5 30 86
27 55 5
60 70 24
31 49 72
6 9 73
10 59 85
37 61 65
46 59 7
64 73 34
4 5 93
2 25 69
17 61 44
8 20 4
4 47 3
34 73 25
9 25 83
3 39 62
14 53 32
27 72 67
4 12 96
7 73 64
43 65 28
21 40 72
40 54 88
31 34
5 12 95
11 21 25
13 23 48
9 10 36
4 23 39
9 13 61
3 31 59
5 23 58
3 15 60
12 28 94
12 19 53
14 20 22
17 28 66
7 16 85
16 25 10
28 29 24
15 28 85
5 15 13
22 27 24
11 22 98
7 23 1
7 18 7
14 26 28
8 16 65
20 23 42
30 31 9
6 26 48
2 23 29
27 30 79
11 13 53
10 17 58
7 19 48
3 5 99
22 23 86
10 2
1 7 2
6 9 1
15 17
6 9 91
9 12 17
7 14 75
5 6 71
10 15 82
11 13 41
4 10 10
7 10 5
1 3 36
8 10 36
10 15 27
1 7 78
3 15 81
3 9 14
2 15 72
3 14 53
4 8 29
73 1
26 64 5
