20
100 100
2 9 10
19 63 31
6 17 63
56 71 3
75 93 74
23 59 31
71 82 14
15 64 40
64 96 58
32 45 36
19 26 95
26 63 63
15 65 5
37 85 16
45 95 25
18 64 15
52 63 94
10 55 92
46 66 66
51 98 83
2 59 63
78 81 77
13 31 11
44 75 57
1 39 4
23 79 24
81 94 67
41 42 73
22 31 24
3 29 1
27 82 88
12 61 8
42 85 1
6 51 94
6 80 62
8 60 19
2 44 76
12 48 95
43 45 97
30 87 92
40 68 9
25 46 17
41 99 94
3 18 50
62 81 81
58 86 30
12 97 24
7 41 27
6 35 100
72 78 11
59 88 16
19 28 96
5 93 95
19 34 21
19 85 18
4 67 87
4 33 69
26 27 15
50 82 74
68 78 75
73 100 86
62 66 74
35 97 85
53 83 82
8 99 82
18 34 47
27 29 80
6 73 68
6 59 16
30 81 92
41 94 24
57 78 28
32 92 66
2 46 30
13 47 23
19 21 53
71 77 4
7 19 32
34 57 29
87 89 23
39 43 76
2 6 34
44 49 13
21 30 56
35 90 21
36 73 47
18 26 62
46 80 24
22 91 54
12 48 62
4 70 4
12 37 78
24 51 68
18 35 50
42 56 16
57 99 27
50 55 83
17 44 3
27 41 23
4 84 24
90 100
17 63 3
25 47 100
34 60 6
8 88 94
55 70 75
27 41 50
36 80 49
12 26 37
23 73 16
29 89 22
26 52 67
42 64 84
65 88 74
41 56 48
10 25 4
9 63 93
69 79 23
11 30 92
80 84 11
18 53 19
16 17 73
34 81 46
21 25 79
41 84 77
2 66 32
14 22 82
10 59 21
78 85 60
33 41 67
62 64 18
24 30 17
1 78 34
5 81 1
68 81 87
11 51 86
71 83 39
6 39 52
6 43 100
18 45 24
26 79 14
2 29 40
20 87 45
6 35 77
13 27 43
14 65 39
56 83 79
35 54 96
17 27 77
61 74 99
13 58 68
19 89 40
20 29 4
22 58 40
13 20 65
46 65 86
50 80 57
1 36 94
21 57 72
24 76 44
12 45 61
31 66 37
25 86 25
31 81 63
47 64 6
40 60 10
36 89 30
17 81 53
16 46 58
31 89 56
16 44 86
14 37 98
19 89 72
22 40 26
65 87 41
60 82 65
24 30 50
33 65 4
33 41 52
42 68 75
27 30 43
30 50 39
28 35 20
51 83 6
42 57 41
24 84 72
16 49 83
44 46 9
2 88 85
3 90 80
34 62 81
12 14 81
21 78 74
39 61 65
35 88 63
72 79 93
2 29 23
49 56 30
48 53 24
82 90 36
17 85 80
65 67
59 63 53
17 46 75
40 48 16
24 43 22
46 65 95
9 31 96
23 44 20
5 48 27
27 29 30
6 42 59
1 60 99
31 42 64
21 47 2
6 55 29
11 65 22
4 41 99
17 63 90
21 49 83
16 25 65
6 43 98
9 62 38
14 16 69
35 45 33
33 37 96
38 47 45
19 56 20
48 54 2
47 62 25
30 49 8
5 25 73
4 24 21
63 65 12
9 35 66
42 47 75
41 63 41
17 21 83
41 52 43
8 47 7
23 34 31
45 63 51
21 47 80
2 51 46
7 31 20
16 23 54
49 53 18
1 12 24
21 53 21
21 56 22
9 43 63
47 50 70
7 37 34
30 64 23
16 22 18
25 37 66
2 47 80
31 59 63
30 40 51
40 42 29
14 24 88
28 47 91
47 58 2
9 29 61
4 12 68
7 34 21
42 52 5
48 56 14
9 61 84
6 2
1 3 1
3 6 1
92 17
38 79 96
61 76 81
9 61 62
6 27 68
13 61 27
58 79 38
27 64 90
19 34 43
28 61 89
41 45 61
37 50 97
23 44 62
10 30 22
44 91 65
2 40 58
19 60 95
17 85 67
10 2
1 7 2
6 9 1
29 9
12 28 48
11 28 92
3 7 22
6 28 87
21 25 22
6 25 60
8 10 54
2 4 71
5 14 15
87 58
54 63 64
45 46 76
33 76 92
25 56 99
9 76 80
18 60 79
69 72 63
37 57 22
37 75 88
10 30 64
43 72 46
18 61 97
75 82 5
5 61 90
20 29 18
17 24 84
49 60 44
44 53 64
20 60 77
14 41 71
41 75 8
21 48 50
16 32 1
7 65 61
39 58 5
29 70 14
7 79 92
8 49 56
10 17 23
9 30 25
2 17 66
20 31 42
4 42 16
41 79 29
33 55 78
12 74 35
31 65 80
59 84 96
4 51 81
46 58 98
24 40 43
32 76 18
6 9 13
65 86 79
19 78 58
49 64 29
3 46 86
17 32 27
40 67 38
9 77 49
12 33 19
71 78 60
19 37 92
50 70 45
11 76 6
40 80 5
71 79 7
37 84 33
2 100
1 2 85
1 2 72
1 2 100
1 2 5
1 2 99
1 2 84
1 2 8
1 2 73
1 2 94
1 2 35
1 2 2
1 2 62
1 2 45
1 2 4
1 2 92
1 2 77
1 2 45
1 2 94
1 2 28
1 2 86
1 2 76
1 2 18
1 2 92
1 2 19
1 2 48
1 2 10
1 2 99
1 2 88
1 2 16
1 2 11
1 2 76
1 2 81
1 2 77
1 2 80
1 2 31
1 2 61
1 2 41
1 2 32
1 2 84
1 2 73
1 2 74
1 2 61
1 2 59
1 2 96
1 2 91
1 2 3
1 2 11
1 2 68
1 2 50
1 2 48
1 2 81
1 2 45
1 2 16
1 2 6
1 2 69
1 2 99
1 2 88
1 2 27
1 2 64
1 2 36
1 2 47
1 2 47
1 2 100
1 2 86
1 2 80
1 2 30
1 2 99
1 2 63
1 2 32
1 2 72
1 2 98
1 2 60
1 2 80
1 2 14
1 2 98
1 2 58
1 2 29
1 2 24
1 2 30
1 2 7
1 2 77
1 2 32
1 2 54
1 2 41
1 2 62
1 2 89
1 2 39
1 2 11
1 2 79
1 2 5
1 2 55
1 2 18
1 2 34
1 2 13
1 2 22
1 2 10
1 2 90
1 2 93
1 2 50
1 2 97
14 83
3 4 43
1 3 56
10 11 33
4 10 21
1 2 25
7 11 95
8 12 56
5 7 12
1 13 90
3 14 68
11 14 29
4 14 52
6 11 31
7 10 53
3 11 96
3 4 72
4 12 35
1 13 62
4 7 45
5 6 43
7 9 81
6 8 85
1 2 23
9 10 100
5 13 6
4 13 95
11 12 82
1 9 67
1 13 48
12 13 53
5 14 4
6 14 69
2 6 83
8 12 20
2 8 83
7 13 55
1 2 43
9 11 42
2 11 13
4 10 33
7 13 35
7 9 66
3 4 62
10 11 66
1 8 13
7 13 76
6 8 97
5 11 27
1 5 23
4 14 5
7 11 53
2 13 10
1 10 74
2 7 12
7 14 37
11 13 54
2 3 61
7 8 16
9 14 26
9 10 43
1 5 38
8 9 14
1 4 43
9 11 62
9 13 44
7 14 39
3 12 67
3 8 16
5 13 25
2 10 18
5 7 23
1 4 28
2 3 95
6 8 23
9 14 14
5 13 16
8 13 29
10 13 83
6 9 37
3 6 94
11 14 75
7 8 19
7 8 22
49 50
18 41 73
11 21 11
12 36 52
3 31 17
19 33 43
1 43 83
9 47 91
22 27 14
21 38 9
18 20 28
10 44 11
30 44 55
21 25 42
5 9 57
17 44 89
1 5 39
25 40 12
13 21 25
18 47 91
14 45 40
20 28 61
30 33 63
11 19 98
31 44 38
26 31 62
35 46 10
14 43 8
22 48 96
10 42 99
1 39 91
41 42 32
11 20 63
8 40 27
3 10 73
6 11 3
34 40 30
20 23 88
28 41 9
12 25 50
11 28 47
9 11 87
21 28 98
16 45 13
5 20 16
11 40 1
26 31 29
9 23 87
9 27 69
14 25 18
21 42 53
100 100
21 66 14
1 80 16
38 55 38
25 56 70
50 71 20
8 65 23
22 54 42
29 73 65
6 63 47
14 83 36
41 90 33
14 87 25
26 88 12
49 100 24
2 63 53
1 84 47
42 56 80
10 83 96
40 75 87
39 97 6
49 87 29
45 51 64
49 89 63
37 69 85
22 83 93
25 68 92
35 57 42
4 57 18
3 55 23
21 98 10
31 63 61
17 67 18
10 98 19
15 51 78
45 63 4
7 51 11
40 98 44
27 73 41
16 52 37
1 70 37
10 71 18
31 61 58
25 55 68
16 59 55
15 55 16
7 96 50
30 65 22
39 55 91
28 87 7
3 94 10
18 53 35
17 52 61
31 83 16
49 78 56
30 64 98
22 80 52
20 97 10
1 89 53
44 91 84
43 82 85
24 99 100
12 73 38
18 80 23
33 100 77
32 60 63
45 90 10
30 74 79
15 72 50
30 77 15
34 55 71
27 90 29
8 78 11
37 89 33
11 79 81
27 54 4
2 92 62
27 60 81
1 57 65
26 75 76
50 99 21
33 71 85
39 54 34
45 63 60
48 90 58
44 90 81
25 70 7
24 98 33
25 98 26
25 70 5
41 72 38
44 88 9
36 92 8
10 75 58
16 61 63
31 98 66
13 64 7
30 67 82
47 93 17
27 92 60
8 59 57
51 1
39 48 55
11 91
3 4 32
9 10 25
8 10 76
2 3 69
4 9 99
7 11 17
9 11 27
1 2 75
1 5 30
7 9 83
8 11 58
1 2 23
1 5 44
1 10 64
1 8 5
3 10 90
6 7 97
2 4 21
1 3 27
4 6 47
3 6 76
5 9 77
10 11 88
3 8 76
6 7 69
4 6 84
3 8 88
2 10 71
8 11 3
1 2 3
4 8 76
4 8 17
5 11 12
9 10 14
3 6 16
2 10 28
6 11 23
2 11 76
4 11 46
3 11 9
4 7 23
5 7 50
4 8 1
4 11 7
3 9 7
1 4 22
9 10 49
2 8 48
4 6 36
2 11 62
5 8 68
2 4 68
5 10 37
8 11 84
9 11 74
7 11 29
3 11 27
6 8 52
3 8 20
4 7 50
2 9 57
4 10 77
9 10 1
3 8 11
3 11 33
3 10 47
4 10 30
7 10 80
2 8 3
6 7 41
2 5 71
4 7 68
5 8 54
1 9 69
2 4 6
2 4 9
5 11 40
6 10 43
3 8 26
9 11 89
7 8 31
3 10 66
1 9 94
1 9 53
8 11 35
8 9 26
4 5 73
5 7 30
8 9 38
3 4 70
1 9 24
88 75
45 87 33
50 81 2
23 80 27
15 22 56
26 48 17
17 59 68
34 43 50
46 72 60
26 44 40
42 46 89
68 71 31
58 66 66
79 86 77
40 71 16
26 33 8
9 77 44
39 78 12
52 69 95
1 10 88
14 72 82
11 64 63
53 79 12
52 81 93
14 61 58
18 77 13
64 86 54
25 70 92
38 79 44
32 72 87
43 83 51
17 85 9
62 81 37
65 76 78
39 88 33
62 75 80
11 33 11
50 80 30
17 57 11
24 86 57
56 78 21
43 74 60
50 84 3
42 75 72
18 50 58
62 74 43
9 66 36
53 80 76
8 60 73
50 87 40
36 51 46
31 82 13
65 67 63
26 85 14
11 62 84
9 20 73
11 86 95
33 35 10
68 80 51
24 52 71
56 73 40
2 50 87
36 58 17
1 65 65
75 84 27
47 74 17
70 77 68
16 36 34
5 77 41
52 70 72
24 87 64
6 85 59
30 37 26
14 85 29
44 74 10
18 68 64
6 2
1 3 2
4 6 1
91 25
1 76 19
33 40 87
68 79 18
12 76 40
20 63 37
42 48 9
2 74 27
12 84 16
29 49 97
25 76 63
48 56 18
15 58 57
22 66 90
37 42 100
56 76 9
47 89 31
19 43 48
13 90 79
31 43 15
2 23 58
1 84 69
71 82 32
33 39 83
71 81 7
6 57 1
100 100
17 23 45
11 22 30
60 64 63
82 92 73
7 28 100
15 30 89
72 80 30
52 94 77
65 71 62
24 32 25
58 71 25
55 67 49
4 47 16
14 15 19
10 39 87
27 32 15
23 42 71
21 36 10
74 100 95
57 64 45
1 9 26
51 56 86
5 7 26
11 37 57
58 96 22
17 18 97
9 39 74
24 46 34
30 46 78
70 74 20
2 16 47
55 59 32
7 50 13
8 30 92
57 70 73
53 77 94
60 90 77
5 46 14
28 32 100
60 100 80
62 83 99
29 47 92
61 62 30
75 92 32
8 45 84
34 36 34
57 89 81
25 34 1
75 91 19
29 46 76
74 93 87
44 48 82
63 86 74
6 29 59
64 87 6
57 97 14
69 76 63
41 47 82
82 86 90
91 99 29
84 97 28
14 44 18
76 80 73
69 100 51
34 35 77
61 85 5
4 17 75
2 23 59
64 89 60
64 95 12
57 58 69
71 96 76
55 76 20
54 72 88
75 86 1
4 23 87
2 14 63
86 88 16
7 34 5
31 36 90
82 93 81
19 22 47
64 77 90
75 85 38
18 19 30
22 49 68
4 16 4
81 98 81
9 50 85
56 86 51
1 38 29
60 63 40
17 29 31
26 44 1
52 97 80
28 43 33
87 89 59
25 32 58
71 76 83
35 49 70
67 42
22 40 60
1 3 17
3 66 25
3 65 12
6 28 7
44 59 20
47 55 17
48 61 49
16 62 84
26 51 45
59 61 56
31 43 60
16 25 29
26 46 36
18 35 4
10 65 11
37 61 29
3 33 32
42 49 28
24 32 31
13 17 92
31 50 7
51 54 20
7 57 97
15 47 6
11 45 93
15 67 49
1 51 3
25 37 78
16 51 48
36 66 78
17 36 61
6 34 38
12 41 6
3 4 33
56 59 98
30 61 21
22 39 98
29 66 58
57 67 17
15 58 98
17 44 10
85 34
18 73 54
42 64 60
22 46 99
59 80 32
26 44 14
47 64 48
7 77 56
6 20 38
29 79 91
4 75 39
31 32 21
43 48 67
56 72 5
25 57 76
41 55 85
4 63 28
27 81 4
16 64 45
20 81 76
52 76 47
43 54 18
49 80 7
41 49 18
31 83 39
49 57 50
16 34 37
3 56 82
27 57 97
74 84 74
63 81 47
32 70 69
2 57 35
10 11 59
16 39 2
