1000
150 607
30 892
77 478
82 866
97 395
77 477
30 891
178 718
90 555
97 394
35 71
152 305
137 275
9 19
102 205
1 1000
81 501
81 500
81 502
81 611
272 545
272 706
49 99
49 195
284 569
284 823
184 369
184 594
45 285
45 284
45 286
45 316
20 306
20 305
20 307
20 309
189 379
189 629
338 677
338 899
103 633
103 632
103 634
103 760
113 227
113 446
195 391
195 781
206 830
206 829
206 831
206 847
23 923
23 922
23 924
23 972
45 495
45 494
45 496
45 512
318 637
318 726
132 534
132 533
132 535
132 674
144 582
144 581
144 583
144 631
58 363
58 362
58 364
58 442
89 179
89 323
282 565
282 642
179 722
179 721
179 723
179 735
62 524
62 523
62 525
62 563
263 527
263 738
140 566
140 565
140 567
140 840
36 316
36 315
36 317
36 378
186 373
186 740
67 417
67 416
67 418
67 545
379 759
379 786
262 525
262 971
187 375
187 524
241 483
241 846
348 697
348 929
145 586
145 585
145 587
145 632
191 770
191 769
191 771
191 942
377 755
377 892
12 637
12 636
12 638
12 703
263 527
263 576
183 367
183 720
328 657
328 690
364 729
364 916
93 378
93 377
93 379
93 450
48 412
48 411
48 413
48 497
268 537
268 666
138 843
138 842
138 844
138 887
133 813
133 812
133 814
133 848
174 702
174 701
174 703
174 974
5 126
5 125
5 127
5 137
135 546
135 545
135 547
135 744
4 855
4 854
4 856
4 920
447 895
447 906
47 515
47 514
47 516
47 604
138 277
138 516
73 298
73 297
73 299
73 355
362 725
362 923
257 515
257 571
20 938
20 937
20 939
20 997
168 337
168 488
7 279
7 278
7 280
7 284
28 847
28 846
28 848
28 904
134 269
134 476
164 329
164 536
89 179
89 355
135 546
135 545
135 547
135 617
218 437
218 648
280 561
280 825
314 629
314 782
194 782
194 781
194 783
194 875
24 354
24 353
24 355
24 409
269 539
269 798
186 750
186 749
186 751
186 899
416 833
416 973
219 439
219 748
16 660
16 659
16 661
16 703
40 873
40 872
40 874
40 885
151 610
151 609
151 611
151 615
141 570
141 569
141 571
141 717
323 647
323 839
58 903
58 902
58 904
58 993
155 626
155 625
155 627
155 775
43 273
43 272
43 274
43 341
61 798
61 797
61 799
61 890
224 449
224 458
22 330
22 329
22 331
22 366
48 763
48 762
48 764
48 816
104 422
104 421
104 423
104 517
186 373
186 523
460 921
460 979
301 603
301 785
42 679
42 678
42 680
42 775
304 609
304 875
120 735
120 734
120 736
120 913
113 693
113 692
113 694
113 756
350 701
350 959
255 511
255 979
392 785
392 906
111 223
111 390
89 740
89 739
89 741
89 915
337 675
337 690
51 103
51 179
24 158
24 160
24 164
6 614
6 616
6 628
202 813
202 815
202 900
54 713
54 715
54 814
145 884
145 886
145 960
388 871
220 885
220 887
220 925
378 851
298 991
151 920
151 922
151 990
315 941
322 693
113 692
113 694
113 704
75 627
75 629
75 778
34 218
34 220
34 264
249 504
56 737
56 739
56 872
330 769
229 863
47 296
47 298
47 376
155 625
155 627
155 743
3 101
3 103
3 131
43 807
43 809
43 877
126 509
126 511
126 518
195 785
195 787
195 821
434 949
223 577
46 189
46 191
46 264
79 321
79 323
79 382
258 814
32 364
32 366
32 386
7 149
7 151
7 166
156 950
156 952
156 996
87 723
87 725
87 783
119 481
119 483
119 533
6 615
60 785
60 787
60 852
231 726
170 583
16 314
16 316
16 348
212 677
193 709
73 297
73 299
73 327
105 644
105 646
105 793
72 764
72 766
72 838
344 896
167 435
20 755
20 757
20 827
167 416
215 463
64 398
64 400
64 537
95 287
188 757
188 759
188 972
264 799
60 374
60 376
60 419
215 642
43 177
43 179
43 221
357 810
103 304
189 612
40 872
40 874
40 895
56 874
56 876
56 908
239 721
87 536
87 538
87 627
413 996
1 902
1 904
1 941
48 302
48 304
48 314
209 543
154 421
144 581
144 583
144 808
370 765
109 668
109 670
109 833
280 783
159 641
159 643
159 859
31 710
31 712
31 718
101 835
101 837
101 937
64 398
64 400
64 480
230 661
388 819
126 770
126 772
126 816
214 861
214 863
214 915
70 285
70 287
70 348
220 648
91 296
189 642
250 831
261 717
299 603
394 854
453 991
418 971
129 448
423 921
387 846
155 625
155 627
155 785
233 582
180 725
180 727
180 730
318 979
49 858
109 501
53 971
374 959
215 615
319 641
137 565
80 963
163 675
176 418
58 207
274 720
128 299
186 822
63 983
205 806
30 73
33 439
230 965
227 665
250 746
130 445
128 580
168 496
398 876
31 310
365 792
182 756
53 116
360 875
194 400
102 436
101 695
14 535
50 604
260 522
162 413
95 345
203 630
268 608
127 405
162 739
84 365
202 890
95 392
235 690
215 432
2 873
177 874
131 934
270 937
117 604
88 633
81 721
101 825
350 868
38 814
174 874
145 544
275 918
328 896
129 487
351 845
157 640
282 987
55 766
329 689
116 664
36 804
137 700
300 728
30 710
50 149
350 706
160 872
266 564
435 896
65 296
193 439
121 901
38 100
311 953
296 676
156 413
218 476
39 222
39 645
167 796
194 993
438 953
242 983
300 951
33 398
4 803
5 413
199 707
319 974
218 494
4 343
235 998
159 542
47 770
415 998
124 619
129 627
202 747
83 782
185 569
124 361
214 489
125 369
10 942
310 911
248 942
363 735
136 571
30 424
126 462
81 322
333 823
277 630
337 854
16 881
239 827
177 821
55 934
114 651
396 939
265 908
22 503
435 979
405 835
54 877
121 913
97 336
399 912
240 593
333 742
31 766
34 469
290 584
137 619
65 234
182 845
160 757
376 910
192 865
46 220
3 956
362 884
38 351
159 603
293 709
204 592
229 728
185 689
432 942
378 764
307 1000
131 309
275 716
117 330
67 577
311 666
39 756
362 768
455 981
65 388
314 702
62 671
342 965
173 685
7 432
39 157
59 447
96 999
26 963
173 369
251 535
76 546
49 264
73 285
423 870
184 589
8 495
339 935
275 607
292 924
36 536
22 198
312 975
270 780
370 947
10 661
26 63
244 737
77 355
61 362
258 605
283 852
270 919
244 501
97 931
37 316
158 824
71 721
163 528
391 856
321 913
268 723
144 919
334 857
145 860
141 392
45 841
476 954
155 861
379 826
86 895
59 686
91 409
324 910
308 719
163 388
99 292
422 971
299 958
166 596
16 709
65 395
69 729
118 708
257 617
199 648
85 467
44 184
211 821
98 563
62 618
113 437
184 904
119 353
113 727
280 727
237 587
173 405
36 385
59 898
121 507
80 869
158 809
244 766
16 612
98 271
72 482
27 397
184 666
161 887
182 616
43 863
448 981
152 394
270 818
73 876
21 177
163 907
353 722
78 265
118 885
117 358
321 841
488 992
325 894
199 641
194 517
216 557
46 674
224 956
153 597
90 403
77 426
8 444
50 822
162 820
155 427
219 528
6 41
23 393
228 928
131 676
222 904
288 881
195 528
143 942
197 948
399 799
35 405
349 978
284 717
112 771
226 816
335 683
149 564
19 511
297 825
233 818
336 784
286 881
87 525
253 811
121 838
42 786
197 414
23 601
73 793
197 734
254 680
228 833
187 822
335 995
273 803
115 591
120 263
197 810
192 633
48 729
206 695
49 366
77 581
205 765
17 800
95 571
208 646
281 798
450 1000
4 222
362 928
21 754
6 706
277 968
82 597
18 955
213 481
177 925
68 531
229 834
23 427
135 663
132 862
234 472
34 470
180 692
186 725
156 414
227 624
264 724
124 698
77 911
128 523
33 743
186 518
70 564
92 582
325 718
213 706
171 991
282 618
129 525
199 530
128 890
68 185
333 990
60 762
221 982
14 677
289 827
17 623
41 453
7 77
110 678
63 505
229 509
174 999
141 839
42 120
178 876
72 806
86 906
112 581
111 444
61 706
227 694
53 417
107 468
136 358
221 673
12 698
243 554
104 787
240 586
56 673
46 194
151 876
189 625
17 55
249 528
376 937
76 601
204 790
149 323
51 949
113 357
190 639
418 944
96 738
2 243
109 894
69 666
25 577
144 352
415 985
47 217
376 810
54 553
60 796
327 868
256 978
26 958
275 860
218 472
200 681
18 838
247 581
171 765
150 690
282 679
53 246
255 773
353 986
421 855
348 903
209 794
359 922
106 341
407 944
158 555
46 458
296 758
51 239
389 795
87 982
35 898
55 269
360 809
444 950
159 635
360 859
179 691
360 822
117 988
126 790
346 969
47 205
250 867
404 974
177 902
254 836
165 974
151 872
287 663
428 974
203 448
131 501
370 760
39 572
214 512
52 116
123 867
139 464
111 545
207 699
300 651
28 330
66 869
221 673
47 191
