25

3 19
1 1 1
1 0
1 0
1 0
1 0
1 0
1 0
1 1 1
1 1 1
1 1 1
1 1 1
1 1 1
1 1 1
1 1 1
1 1 1
1 1 1
1 2 1 1
1 2 1 1
1 2 1 1
1 2 1 1

1 1
2
2 0

3 20
2 1 4
1 2 3 2
3 1 2
2 1 3
2 3 2 1 4
1 1 1
3 3 1 1 1
4 3 1 3 4
4 0
3 1 4
2 3 3 1 2
3 1 1
2 1 3
3 3 1 1 1
3 0
4 3 2 4 3
4 1 4
2 1 1
4 1 4
3 1 2
1 2 4 2
1 1
2
2 3 1 2 3
3 20
1 3 2
1 0
1 1 2
2 2 3 2
1 4 3 3 2 1
1 2 1 3
3 1 2
1 4 1 1 1 2
3 2 2 2
1 2 3 1
2 0
1 2 1 1
2 1 3
3 0
1 0
1 2 1 1
3 1 3
3 0
3 2 3 2
1 0
1 1 2
1 4
1
1 0
1 2 1 3
2 0
3 1 2
4 20
11 8 20 11
18 1 10
11 1 6
2 1 4
19 3 16 8 15
6 1 9
10 2 2 3
3 3 16 13 15
1 1 14
7 1 1
9 3 10 16 15
20 1 7
15 2 19 16
13 1 17
12 3 16 2 18
17 1 12
8 2 4 20
16 1 3
5 4 1 8 18 17
14 2 3 5
4 2 4 19
10 20
1 2 3 4 5 6 7 8 9 10
4 1 4
3 0
8 1 8
3 1 3
10 0
7 0
10 1 10
5 0
7 1 7
4 0
8 0
2 1 2
1 0
5 1 5
6 1 6
9 0
9 1 9
1 1 1
6 0
2 0
3 20
1 3 3
2 1 1
2 1 3
2 1 2
1 2 1 2
3 3 2 1 3
1 0
1 1 2
3 1 1
2 1 1
1 0
3 1 3
2 1 3
3 0
1 0
1 3 3 2 1
1 0
3 0
3 0
3 1 2
2 1 3
1 1
2
1 1 1
2 13
2 2
2 1 2
2 0
2 1 2
2 0
2 1 2
2 3 2 2 2
2 0
2 1 2
2 2 2 2
2 1 2
2 0
2 0
2 0
1 2
2
2 0
2 1 2
3 5
1 2 1
2 2 1 1
2 1 2
2 0
2 3 1 1 1
1 0
3 3
1 1 1
1 0
1 0
1 0
2 20
2 2
3 0
1 3 2 4 1
1 2 4 4
4 2 4 2
1 5 2 3 2 1 3
1 4 3 2 2 1
2 1 1
1 1 2
3 1 3
3 0
4 0
1 1 2
3 2 3 3
1 2 4 3
3 2 2 3
4 6 1 2 3 4 3 3
2 2 4 3
4 1 1
2 3 3 4 2
3 0
2 15
2 1
3 2 3 1
2 0
1 2 3 2
1 4 2 3 1 3
2 0
1 2 1 2
2 3 1 3 3
3 0
1 0
1 2 3 3
2 0
1 3 3 2 3
1 0
2 2 1 2
2 1 1
23 5
2 2 1 2 3 1 2 3 2 4 2 2 4 4 4 1 4 1 1 3 2 3 3
2 1 4
2 1 2
1 3 4 3 1
4 0
3 1 1
3 15
2 3 3
1 0
2 2 1 2
1 3 2 1 1
2 2 1 2
1 1 1
2 0
3 0
3 0
2 2 2 3
3 0
3 0
1 2 1 3
2 0
2 0
1 1 3
5 10
1 2 1 6 5
6 0
1 1 1
1 1 5
1 1 5
3 1 6
1 0
6 0
3 4 1 3 2 5
6 3 2 1 3
1 3 6 2 2
3 10
2 2 1
1 1 1
1 1 1
2 2 1 2
1 2 1 1
2 2 1 1
2 2 2 1
1 2 2 1
1 1 2
2 1 2
2 0
2 20
2 1
2 1 1
1 0
3 0
2 2 1 1
3 1 2
3 1 3
3 1 1
3 2 3 2
2 1 1
2 0
1 1 2
1 2 1 1
2 1 2
1 2 2 1
1 1 3
3 2 3 3
3 2 3 3
3 2 1 3
2 3 1 2 2
3 1 2
1 1
2
1 3 1 2 3
2 9
13 13
13 1 13
13 0
13 1 13
13 2 13 13
13 1 13
13 0
13 1 13
13 0
13 1 13
2 20
4 19
14 1 12
10 1 14
20 1 10
16 1 20
6 1 16
12 2 7 6
4 2 20 12
7 2 19 4
13 1 7
17 1 13
5 1 17
11 2 11 5
1 2 13 11
2 2 16 1
15 1 2
3 1 15
8 1 3
9 2 6 8
18 1 9
19 2 1 18
20 15
2 5 4 3 3 1 3 4 3 5 5 1 3 4 2 3 3 1 4 2
3 0
4 0
1 2 3 1
4 0
1 2 1 4
2 4 3 5 5 2
2 1 2
2 2 3 5
4 1 2
5 2 4 5
4 2 5 5
5 1 2
1 2 2 1
4 1 2
4 0
