25
3 5
1 1 2
1 1 1
1 2 1 1
2 0
1 1 1
2 2 1 1
3 10
1 1 1
2 1 2
1 4 2 1 2 2
1 0
2 2 1 1
1 1 2
1 1 1
1 2 2 1
2 2 2 2
1 1 1
2 0
1 20
7
6 2 15 9
16 1 3
7 1 18
3 1 5
13 4 18 2 4 7
18 2 18 15
14 2 6 13
4 2 12 6
1 1 10
15 2 19 14
17 3 17 16 12
20 1 19
10 3 3 12 16
9 2 20 10
19 2 20 17
11 3 19 1 12
2 2 4 8
12 2 11 2
8 2 17 11
5 1 20
2 10
3 6
3 3 3 6 2
4 5 5 1 1 3 2
2 5 2 2 1 2 5
6 3 1 2 5
4 4 6 3 6 4
3 0
5 2 6 4
6 2 2 2
2 2 1 6
1 1 3
2 20
1 2
2 1 3
1 0
3 4 1 3 3 3
3 1 3
1 3 1 3 1
2 3 3 3 2
3 1 3
2 0
2 3 2 3 1
3 3 2 3 1
2 1 2
2 0
2 2 3 3
2 2 3 2
2 2 2 2
3 1 2
2 2 3 2
1 0
3 1 1
2 1 2
3 19
1 1 1
1 0
1 0
1 0
1 0
1 0
1 0
1 1 1
1 1 1
1 1 1
1 1 1
1 1 1
1 1 1
1 1 1
1 1 1
1 1 1
1 2 1 1
1 2 1 1
1 2 1 1
1 2 1 1
1 1
2
1 3 1 2 3
2 20
3 1
2 1 2
2 3 1 1 3
3 0
3 2 2 1
2 0
1 0
1 0
1 0
1 2 2 1
2 0
2 0
3 0
1 1 3
1 1 1
3 1 2
3 0
1 1 1
1 2 1 2
3 1 3
3 4 2 3 1 3
1 4
1
1 0
1 2 1 3
2 0
3 1 2
4 15
2 1 3 3
2 2 2 2
1 2 3 3
1 1 3
1 3 2 2 3
2 3 3 2 2
3 0
1 0
3 1 1
1 3 2 2 3
1 3 1 1 3
1 5 2 2 2 2 1
1 2 1 2
2 1 1
1 2 1 3
3 0
2 13
2 2
2 3 2 2 2
2 0
2 2 2 2
2 1 2
2 1 2
2 0
2 0
2 0
2 1 2
2 0
2 1 2
2 1 2
2 0
2 9
13 13
13 0
13 1 13
13 1 13
13 1 13
13 1 13
13 0
13 2 13 13
13 0
13 1 13
1 1
2
2 3 1 2 3
1 2
2
2 0
2 1 2
2 20
16 19
16 2 15 16
3 1 16
6 2 11 3
2 1 6
1 1 2
8 1 1
9 1 8
11 2 9 9
20 2 7 11
14 1 20
17 1 14
5 2 10 17
4 1 5
15 2 3 4
10 1 15
7 1 10
12 2 3 7
18 1 12
13 2 2 18
19 1 13
23 5
3 2 4 1 2 2 1 1 2 2 4 1 4 1 3 3 2 2 1 1 2 1 2
1 1 1
1 2 4 2
3 0
1 2 3 2
1 1 4
20 15
4 3 2 5 4 4 3 4 1 2 4 5 2 2 1 2 1 4 3 1
5 0
4 0
3 3 2 4 2
4 2 1 2
2 1 3
1 1 5
4 2 3 1
3 1 3
4 3 4 1 5
1 1 3
2 2 1 2
3 1 4
5 1 3
1 1 2
4 1 3
3 3
1 1 1
1 0
1 0
1 0
2 15
3 1
1 2 1 2
2 1 3
3 2 3 3
1 0
2 0
2 0
1 1 1
2 4 1 1 3 2
2 1 1
3 1 1
1 0
3 1 2
1 2 2 2
1 2 3 1
3 0
1 1
2
1 1 1
10 20
1 2 3 4 5 6 7 8 9 10
8 1 8
10 0
1 1 1
2 0
5 0
8 0
4 1 4
1 0
5 1 5
9 1 9
6 1 6
3 1 3
10 1 10
6 0
3 0
9 0
7 1 7
7 0
4 0
2 1 2
3 20
1 1 3
2 2 2 3
2 2 2 2
3 1 3
1 1 3
2 0
3 0
2 2 2 3
3 0
2 2 3 3
1 1 2
2 2 3 2
1 4 3 3 2 3
3 1 3
2 1 3
1 0
1 1 1
2 2 1 2
1 2 1 2
3 1 3
3 2 2 2
1 20
1
1 2 3 3
2 2 4 2
3 2 3 4
4 0
2 3 4 2 2
1 2 2 2
4 3 2 2 3
2 2 2 1
3 3 3 3 1
2 2 3 1
4 1 1
1 1 4
1 1 3
1 0
1 2 3 1
4 3 2 2 3
3 1 4
2 1 2
4 0
4 0
1 1
2
2 0
3 20
2 1 3
1 0
3 3 1 3 4
1 2 1 3
1 1 2
4 0
4 2 3 4
1 2 3 1
3 1 4
2 0
4 0
3 1 1
1 2 2 1
2 3 1 1 1
3 0
4 4 4 2 3 1
1 1 4
4 2 1 3
1 0
2 0
3 0
